1150,3
1150,1
998,3
998,2
998,1
998,0
996,4
996,3
996,2
996,1
996,0
995,3
995,2
995,1
995,0
992,3
992,2
992,1
992,0
991,3
991,2
991,1
991,0
953,3
953,2
953,1
953,0
930,3
930,2
930,1
930,0
929,3
929,2
929,1
929,0
927,3
927,2
927,1
927,0
918,3
918,2
918,1
918,0
917,3
917,2
917,1
882,3
882,1
714,3
714,1
571,3
571,1
570,6
570,4
570,3
570,1
456,5
456,4
456,3
456,1
455,4
455,3
455,1
267,3
267,1
20,3
20,2
20,1
19,3
19,2
19,1
18,3
18,1
14,9
12,3
12,2
12,1
11,3
14,1
11,2
14,15
11,1
14,3
10,3
13,1
10,2
13,4
10,1
9,3
13,3
9,2
9,1
8,3
8,2
8,1
3,3
3,2
3,1
2,2
2,3
2,1
0,493
0,457
0,411
0,372
0,0
1232,34
1232,33
1232,32
1232,31
1232,30
1232,29
1232,28
